11920145839 40.0385 -107.914
11920145838 40.0385 -107.914
11920145837 40.0384 -107.914
11920145836 40.0383 -107.914
11920145835 40.0383 -107.914
11920145833 40.0384 -107.914
11920145819 40.039 -107.911
11920145818 40.039 -107.911
11920145817 40.0388 -107.911
11920145816 40.0375 -107.912
11920145815 40.0377 -107.912
11920145814 40.0376 -107.912
11920145813 40.0375 -107.912
11920145812 40.0375 -107.912
11920145811 40.0376 -107.912
11920145810 40.0377 -107.912
11920145809 40.0377 -107.911
11920145808 40.0378 -107.911
11920145806 40.0388 -107.911
11920145805 40.0388 -107.911
11920145804 40.0388 -107.911
11920145803 40.0385 -107.911
11920145802 40.0379 -107.911
11920145801 40.0379 -107.911
11920145800 40.0377 -107.912
11920145799 40.0375 -107.914
11920145798 40.0375 -107.914
11920145797 40.0379 -107.914
11920145795 40.0386 -107.912
11920145794 40.0384 -107.913
11920145793 40.0386 -107.912
11920145792 40.0383 -107.914
11920145791 40.0386 -107.912
11920145790 40.0387 -107.913
11920145788 40.0387 -107.913
11920145787 40.0387 -107.913
11920145786 40.0386 -107.913
11920145785 40.0385 -107.913
7404156841 40.024 -107.945
7404156708 40.0279 -107.934
7404156706 40.0284 -107.934
7404156705 40.0287 -107.934
7404156701 40.0308 -107.934
7404156700 40.0311 -107.935
7404156699 40.0312 -107.935
7404156619 40.0361 -107.926
7404156618 40.0362 -107.926
7404156617 40.0363 -107.926
7404156616 40.0364 -107.926
7404156615 40.0364 -107.925
7404156614 40.0365 -107.925
7404156473 40.0377 -107.904
7404156227 40.0419 -107.907
7404156226 40.0412 -107.909
7404156225 40.0413 -107.908
7404156224 40.0413 -107.908
7404156223 40.0414 -107.908
7404156222 40.0415 -107.908
7404156221 40.0417 -107.908
7404156220 40.0419 -107.907
7404156219 40.0419 -107.907
7404156218 40.042 -107.907
7404156217 40.042 -107.907
7404156216 40.0422 -107.907
7404156215 40.0424 -107.906
7404156214 40.043 -107.906
7404156213 40.0438 -107.906
7404156205 40.0449 -107.906
7404156190 40.046 -107.907
7404156188 40.046 -107.906
7404156186 40.0461 -107.906
7404156185 40.0462 -107.906
7404156181 40.0466 -107.906
7404156180 40.0468 -107.906
7404156177 40.047 -107.906
7404156175 40.0471 -107.906
7404156173 40.0472 -107.906
7404156172 40.0472 -107.906
7404156170 40.0473 -107.906
6375008512 40.0381 -107.912
6375008511 40.0382 -107.912
6375008510 40.0382 -107.912
6375008509 40.0382 -107.912
6375008508 40.0382 -107.912
6375008507 40.0382 -107.912
6375008506 40.0382 -107.912
6375008505 40.0382 -107.912
6375008504 40.0382 -107.913
6375008503 40.0381 -107.913
6375008502 40.038 -107.913
6375008501 40.0379 -107.913
6375008500 40.0378 -107.913
6375008499 40.0377 -107.913
6375008498 40.0377 -107.912
6375008493 40.0382 -107.912
6375008492 40.0382 -107.912
6375008491 40.0381 -107.912
6375008490 40.0383 -107.912
6375008489 40.0383 -107.912
6375008488 40.0383 -107.912
6375008487 40.0379 -107.913
6375008485 40.0378 -107.913
6375008260 40.0389 -107.911
6375008259 40.0388 -107.911
6375008258 40.0389 -107.911
6375008257 40.0397 -107.913
6375008256 40.0397 -107.913
6375008255 40.0399 -107.912
7404156576 40.0389 -107.92
6375008254 40.04 -107.911
6375008249 40.0385 -107.911
6375008248 40.0384 -107.911
6375008247 40.0382 -107.911
6375008225 40.0378 -107.912
6375008224 40.0377 -107.912
6375008220 40.038 -107.912
6375008101 40.0432 -107.906
6375008100 40.0453 -107.905
6375008099 40.0453 -107.905
6375008098 40.0449 -107.906
6375008097 40.045 -107.905
6375008095 40.0452 -107.905
6375008094 40.0451 -107.905
6375008093 40.0449 -107.905
6375008092 40.0449 -107.906
6375008091 40.0445 -107.906
6375008090 40.0445 -107.905
6375008089 40.0449 -107.905
6375008088 40.0445 -107.905
6375008087 40.0444 -107.906
6375008086 40.0448 -107.905
6375008085 40.0448 -107.905
6375008084 40.038 -107.913
6375008083 40.038 -107.913
6375008078 40.038 -107.912
177948591 40.0402 -107.907
6375008077 40.038 -107.912
6375008076 40.038 -107.911
177948587 40.0397 -107.907
6375008073 40.038 -107.913
6375008052 40.0423 -107.906
6375008051 40.0425 -107.906
6375008011 40.0407 -107.906
6375008010 40.0406 -107.905
6375008002 40.0364 -107.905
6375008001 40.0363 -107.906
6375008000 40.0362 -107.906
6375007999 40.0362 -107.905
177948512 40.0451 -107.911
6375007998 40.0373 -107.906
177948511 40.045 -107.91
6375007997 40.0372 -107.906
6375007996 40.0364 -107.906
6375007995 40.0365 -107.906
6375007990 40.0377 -107.905
177948499 40.0443 -107.914
6375007985 40.0378 -107.905
6375007984 40.0382 -107.905
6375007974 40.0315 -107.913
6375007973 40.0315 -107.913
6375007971 40.0312 -107.913
2400020660 40.0395 -107.917
6375007958 40.0326 -107.913
177865394 40.0462 -107.912
6375007924 40.0404 -107.914
177959616 40.0292 -107.911
177865393 40.0462 -107.912
6375007923 40.0404 -107.914
177865392 40.0463 -107.912
177937257 40.0408 -107.92
6375007922 40.0403 -107.914
177959614 40.0294 -107.913
177937256 40.0411 -107.921
177865391 40.0464 -107.912
6375007921 40.0402 -107.914
6375007920 40.0403 -107.913
177865389 40.0465 -107.911
6375007919 40.0403 -107.913
6375007918 40.0404 -107.913
177865310 40.0343 -107.919
6375007840 40.0457 -107.906
6375007833 40.0442 -107.906
6375007829 40.0437 -107.905
6375007827 40.0442 -107.905
6375007826 40.0443 -107.905
6375007820 40.0411 -107.905
6375007810 40.0411 -107.905
177946646 40.0464 -107.911
6375007729 40.0444 -107.905
6375007727 40.0449 -107.905
177866793 40.0349 -107.912
6375007726 40.045 -107.905
6375007725 40.0452 -107.905
6375007723 40.0453 -107.905
6375007721 40.0449 -107.906
6375007994 40.0366 -107.906
6375008223 40.0377 -107.912
6065169462 40.0406 -107.927
6375007992 40.0366 -107.905
6375008221 40.0379 -107.912
6065169460 40.0396 -107.926
177865387 40.0467 -107.911
5571113251 39.9607 -107.934
4375838959 40.0325 -107.918
4375838958 40.0318 -107.916
4375838956 40.0297 -107.914
4375838955 40.0292 -107.911
4375838954 40.0272 -107.909
4375838952 40.027 -107.902
6375008266 40.0382 -107.913
4375838950 40.0269 -107.887
4375838947 40.0204 -107.887
177865312 40.0345 -107.917
6375007842 40.0459 -107.905
177952152 40.0395 -107.908
2400033922 40.0033 -107.925
3163815142 40.0229 -107.95
2400033797 40.0464 -107.908
3163771898 40.0365 -107.912
3163771893 40.0377 -107.903
177928710 40.0353 -107.916
2400039226 40.0321 -107.913
177946276 39.9681 -107.932
2400039225 40.0311 -107.911
2400039222 40.032 -107.911
177946272 39.9629 -107.934
2400039221 40.033 -107.912
177928704 40.0351 -107.917
2400039220 40.033 -107.912
177946270 39.9623 -107.934
2400039219 40.0329 -107.912
177936687 40.035 -107.924
2400039218 40.0328 -107.913
177946268 39.9616 -107.935
2400039217 40.0321 -107.911
177946266 39.9613 -107.934
2400039215 40.0307 -107.911
2400039214 40.0311 -107.912
177946264 39.9611 -107.934
2400039213 40.0295 -107.914
2400039212 40.0294 -107.914
177946262 39.9607 -107.934
2400039211 40.0328 -107.912
2400039206 40.0324 -107.914
2400039204 40.0317 -107.912
2400039199 40.0311 -107.913
2400039196 40.0318 -107.915
2400039194 40.0306 -107.913
2400037721 40.0349 -107.918
2400037720 40.0344 -107.915
2400037719 40.034 -107.917
11920145834 40.0385 -107.914
2400034375 40.0319 -107.916
2400034047 39.9752 -107.927
2400034044 39.9831 -107.926
2400034041 39.9726 -107.93
2400034040 39.9701 -107.931
177945099 40.0379 -107.917
6375007779 40.042 -107.904
2400034039 39.9758 -107.927
177960253 40.0499 -107.909
2400034038 39.9722 -107.93
2400034036 39.9805 -107.926
2400034035 39.9797 -107.926
2400034034 39.977 -107.926
2400034033 39.9811 -107.926
2400033930 40.0503 -107.91
2400033927 40.0487 -107.909
3163771926 40.0358 -107.916
1312603087 40.0452 -107.908
3163815144 40.0254 -107.941
2400033924 40.0437 -107.905
177952150 40.0396 -107.908
1312603083 40.0455 -107.907
2400033920 39.9941 -107.927
1312603082 40.0452 -107.909
2400033919 40.0087 -107.924
2400033918 39.9907 -107.927
1312603079 40.045 -107.908
2400033916 39.9893 -107.927
1312603078 40.045 -107.907
177952145 40.0394 -107.909
2400033915 40.0486 -107.91
2400033905 40.0469 -107.91
2400033803 40.0483 -107.91
3163771904 40.037 -107.909
2400033902 40.05 -107.91
2400033897 40.05 -107.91
2400033875 40.0493 -107.91
7404156710 40.0277 -107.935
1304645178 40.0348 -107.911
2400033866 40.0476 -107.91
7404156697 40.0316 -107.935
2400033853 40.0059 -107.924
2400033850 39.9958 -107.926
2400033836 39.9854 -107.927
2400033827 40.0496 -107.91
2400033819 40.0499 -107.91
3163771914 40.0364 -107.905
2400033813 40.0271 -107.925
2400033809 40.0461 -107.908
2400033805 40.0461 -107.909
2400033804 40.0488 -107.91
2400033802 40.0094 -107.925
2400033795 40.0471 -107.91
2400033790 40.0502 -107.91
2400033787 40.0216 -107.925
2400033786 40.0097 -107.925
177951656 40.0464 -107.915
2400020650 40.0404 -107.925
6375007948 40.0317 -107.911
2400020659 40.0387 -107.922
2400020647 40.0408 -107.916
6375007945 40.0315 -107.913
2400020656 40.0417 -107.914
2400020646 40.0432 -107.913
6375007944 40.0315 -107.913
2400020655 40.0408 -107.922
1304772491 40.0402 -107.917
2400020643 40.0444 -107.914
6375007941 40.0328 -107.912
177951658 40.0467 -107.915
2400020652 40.0424 -107.913
177951655 40.0461 -107.915
6375007947 40.031 -107.914
177865417 40.055 -107.909
2400020649 40.0429 -107.915
6375007946 40.0312 -107.913
2400020648 40.0406 -107.918
6375007943 40.0315 -107.913
2400020645 40.0393 -107.919
6375007942 40.0329 -107.911
2400020644 40.0382 -107.925
6375007940 40.0329 -107.912
1304772490 40.0419 -107.909
177865410 40.0485 -107.914
2400020642 40.0405 -107.924
2400020641 40.041 -107.915
177865408 40.0483 -107.914
2400020640 40.0384 -107.923
2400020639 40.043 -107.915
177865396 40.0464 -107.913
6375007926 40.0404 -107.913
177951643 40.0467 -107.914
2400020637 40.0403 -107.919
177865395 40.0463 -107.913
6375007925 40.0404 -107.913
177905329 40.0398 -107.922
2400020636 40.04 -107.914
2400020480 40.0371 -107.918
177945097 40.039 -107.917
2400020479 40.0394 -107.911
2400020478 40.038 -107.92
177945095 40.04 -107.917
2400020477 40.0366 -107.915
177945094 40.0411 -107.918
2400020476 40.0399 -107.909
2400020475 40.0388 -107.908
177945092 40.0423 -107.918
2400020474 40.0382 -107.918
177945091 40.0435 -107.918
2400020473 40.0384 -107.911
177945090 40.0446 -107.919
2400020472 40.0366 -107.921
177945089 40.045 -107.919
2400020471 40.0369 -107.919
177945088 40.0452 -107.919
2400020470 40.0373 -107.911
2400020468 40.0371 -107.912
2400020467 40.0393 -107.906
177881204 40.0344 -107.914
2400020466 40.0363 -107.916
2400020465 40.036 -107.925
2400020464 40.0376 -107.909
2400020463 40.0353 -107.922
2400020462 40.0376 -107.915
2400020461 40.0387 -107.916
2400020457 40.0368 -107.908
2400020446 40.0405 -107.909
6375007744 40.0437 -107.905
2400020455 40.0399 -107.909
2400020445 40.0386 -107.91
177903541 40.0419 -107.913
6375007743 40.0431 -107.905
2400020454 40.0397 -107.91
2400020444 40.0377 -107.921
6375007742 40.0429 -107.905
2400020453 40.0384 -107.917
2400020451 40.0374 -107.917
2400020450 40.0368 -107.914
2400020448 40.037 -107.906
177903543 40.0409 -107.913
2400020447 40.0404 -107.906
177866797 40.0345 -107.911
6375007730 40.0443 -107.905
2400020441 40.0389 -107.914
6375007845 40.0453 -107.905
2400014977 40.0404 -107.905
6375007831 40.0433 -107.905
2400014963 40.0444 -107.915
6375007822 40.0408 -107.905
2400014954 40.0455 -107.914
177911591 39.9996 -107.925
6375007808 40.0413 -107.906
2400014940 40.0478 -107.914
2400014938 40.0459 -107.91
2400014931 40.035 -107.917
2400014930 40.0453 -107.915
2400014925 40.0454 -107.914
2400014924 40.0377 -107.905
2400034048 39.9791 -107.926
2400014920 40.0442 -107.915
2400034046 39.976 -107.927
2400014918 40.0363 -107.91
177960260 40.0503 -107.909
2400034045 39.9756 -107.927
2400014917 40.0458 -107.91
2400034042 39.9729 -107.93
2400014914 40.0355 -107.915
2400011290 40.0338 -107.932
2400011284 40.0334 -107.932
1991729775 40.0224 -107.955
1312609738 40.0458 -107.908
1312609722 40.0456 -107.908
1312609713 40.0454 -107.907
6375008486 40.0379 -107.913
1312603127 40.0451 -107.909
177952140 40.0382 -107.915
1312603073 40.0451 -107.908
2400033910 40.0505 -107.91
1312603125 40.0458 -107.908
2400033908 40.0485 -107.91
1312603123 40.0454 -107.908
1312603070 40.0448 -107.909
2400033907 40.0471 -107.91
1312603122 40.0452 -107.908
1312603116 40.045 -107.908
2400033899 40.0036 -107.924
1312603114 40.0462 -107.908
2400033898 40.0491 -107.909
1312603113 40.0449 -107.909
1312603110 40.046 -107.908
2400033894 40.0013 -107.925
1312603109 40.0452 -107.908
177945787 40.029 -107.938
1312603108 40.0452 -107.909
2400033890 40.0461 -107.909
177945784 40.0259 -107.94
1312603105 40.045 -107.908
2400033886 40.0439 -107.903
1312603101 40.0452 -107.909
2400033931 40.0016 -107.925
1312603094 40.0462 -107.908
2400033926 40.0096 -107.925
1312603089 40.0455 -107.908
1312603088 40.0456 -107.907
1312603086 40.0453 -107.908
7404156712 40.0275 -107.935
2400033868 39.9917 -107.927
7404156711 40.0275 -107.935
2400033867 40.0348 -107.925
177865383 40.0475 -107.91
177959606 40.0303 -107.914
177952144 40.0391 -107.91
1312603077 40.0426 -107.909
177865381 40.0479 -107.91
177959604 40.0314 -107.915
1312603075 40.0451 -107.908
177881197 40.034 -107.917
2400020459 40.0374 -107.923
177945526 40.0385 -107.92
177881646 40.0423 -107.905
177866791 40.0351 -107.912
177968999 40.0417 -107.924
177960230 40.0472 -107.908
6375007722 40.0449 -107.906
177968997 40.0421 -107.923
5571113249 39.964 -107.934
177865385 40.0473 -107.91
177866787 40.036 -107.912
6375007720 40.045 -107.907
177968995 40.0425 -107.923
177866785 40.0376 -107.912
177968993 40.0426 -107.922
177968992 40.0427 -107.922
177955690 40.0416 -107.915
177966869 40.044 -107.904
177966868 40.0439 -107.903
177955688 40.0405 -107.915
177966867 40.0438 -107.903
177966865 40.0424 -107.904
177936624 40.0353 -107.925
177966113 40.0387 -107.925
177866795 40.0346 -107.911
6375007728 40.0444 -107.905
177966108 40.0401 -107.917
177866798 40.0343 -107.912
177946648 40.0463 -107.91
6375007731 40.0443 -107.906
2400020442 40.0363 -107.923
177952544 40.0337 -107.914
177962126 40.0376 -107.906
177960285 40.0523 -107.909
177960206 40.0438 -107.909
2400033880 40.0265 -107.925
177959624 40.0263 -107.887
177959566 40.0434 -107.906
2400033820 40.0474 -107.909
177959564 40.0403 -107.906
177865516 40.0463 -107.914
7404156191 40.046 -107.907
177959562 40.0396 -107.906
3163771911 40.0364 -107.906
2400033810 40.0465 -107.909
177943761 40.0211 -107.887
177865508 40.0455 -107.915
7404156183 40.0464 -107.906
177959554 40.0378 -107.906
7404156179 40.0469 -107.906
177959550 40.0376 -107.906
1312603103 40.0458 -107.906
177958835 40.0411 -107.924
2400033885 40.0481 -107.909
177958832 40.039 -107.923
177948507 40.0448 -107.912
6375007993 40.0366 -107.905
6375008222 40.0378 -107.912
6065169461 40.0397 -107.926
177957606 40.0429 -107.923
177957604 40.0427 -107.923
177948503 40.0445 -107.913
6375007989 40.0378 -107.905
177957602 40.0426 -107.923
177941660 40.0434 -107.919
177957600 40.0424 -107.923
177957596 40.0417 -107.923
177957594 40.0414 -107.922
177957592 40.0412 -107.922
177866730 40.0373 -107.908
177957588 40.0403 -107.922
6375007969 40.0306 -107.914
177866724 40.0372 -107.908
177957582 40.0392 -107.922
2400039205 40.0317 -107.914
7404156176 40.0471 -107.906
177865324 40.0355 -107.912
177956182 40.0443 -107.92
177960270 40.0511 -107.909
177904375 40.0448 -107.919
7404156174 40.0471 -107.906
177865322 40.0353 -107.913
177956180 40.0426 -107.92
2400039198 40.0321 -107.912
177956175 40.0408 -107.919
177966853 40.0403 -107.905
177955695 40.0448 -107.916
177955694 40.0433 -107.915
177955693 40.0428 -107.915
11920145807 40.0388 -107.912
177911056 40.0344 -107.913
6375008048 40.0425 -107.905
177866803 40.0341 -107.912
177955270 40.0455 -107.91
177866801 40.034 -107.912
177955268 40.0456 -107.909
6375007732 40.0441 -107.906
177866799 40.0342 -107.912
2400033842 40.05 -107.91
177955266 40.0458 -107.909
177952367 40.044 -107.911
177952365 40.0436 -107.911
2400033793 40.047 -107.91
2400014970 40.0462 -107.915
177952364 40.0423 -107.911
2400033791 39.9852 -107.927
177952362 40.0413 -107.911
7404156184 40.0463 -107.906
177945182 40.0418 -107.922
177952355 40.046 -107.914
2400014960 40.0481 -107.914
177952354 40.0454 -107.914
177905327 40.0395 -107.923
2400014956 40.0449 -107.915
177952350 40.0421 -107.912
177945786 40.0278 -107.939
177952174 40.0438 -107.91
177945781 40.0231 -107.949
177952169 40.0426 -107.909
177945791 40.034 -107.931
177952167 40.0415 -107.909
2400011276 40.0342 -107.929
177927456 40.0277 -107.924
177930644 40.041 -107.909
1312603096 40.0453 -107.909
177952163 40.0399 -107.906
177952542 40.0348 -107.914
177952541 40.0402 -107.916
177952131 40.0365 -107.925
7404156713 40.0273 -107.936
2400033869 40.0156 -107.925
3163815141 40.0248 -107.942
2400033921 40.009 -107.924
1312603084 40.0451 -107.909
2400033816 40.0472 -107.909
177865514 40.0462 -107.914
7404156189 40.046 -107.906
177959560 40.0396 -107.906
2400033849 40.0465 -107.909
177950826 40.0388 -107.906
177950823 40.0383 -107.908
2400033845 40.0507 -107.911
177950822 40.0383 -107.908
177950821 40.0381 -107.91
177950819 40.0378 -107.911
177950817 40.0374 -107.914
177889446 40.0358 -107.913
6375007961 40.0311 -107.913
177921326 40.0343 -107.917
177950815 40.0371 -107.915
2400033835 39.9882 -107.927
177950812 40.0361 -107.921
2400033832 40.0506 -107.911
177950809 40.0355 -107.924
1312609726 40.0463 -107.908
177950808 40.0353 -107.925
177920364 40.0164 -107.887
177968274 40.0398 -107.925
177950806 40.0342 -107.931
2400020456 40.0379 -107.914
177871282 39.9619 -107.934
1312603080 40.0458 -107.907
2400033917 40.0475 -107.91
177952143 40.0389 -107.911
2400033913 40.0466 -107.909
177948495 40.0441 -107.916
2400039201 40.0311 -107.913
177956178 40.0421 -107.919
177866800 40.0341 -107.912
177946650 40.0457 -107.91
177946354 40.0402 -107.91
177946352 40.04 -107.912
177946348 40.0392 -107.916
177946347 40.0387 -107.918
177946345 40.0379 -107.923
177946340 40.0316 -107.919
7404156206 40.0449 -107.906
6375007884 40.0448 -107.905
177946339 40.0311 -107.92
177946338 40.0303 -107.921
177904501 40.0456 -107.92
177950814 40.0366 -107.918
1312609732 40.0457 -107.908
177946336 40.0275 -107.924
177945536 40.0429 -107.921
177946333 40.0269 -107.925
177945534 40.0427 -107.921
177946331 40.0244 -107.925
177945532 40.0418 -107.921
177946329 40.0231 -107.925
1312609719 40.0458 -107.908
177946323 40.0185 -107.925
177945521 40.034 -107.919
177946318 40.0083 -107.924
177945519 40.0334 -107.919
177871257 40.033 -107.918
177946316 40.0052 -107.924
177946309 40.0015 -107.925
177946308 39.9999 -107.925
177946306 39.9922 -107.927
177951086 40.0366 -107.924
177946304 39.9913 -107.927
2400014980 40.0495 -107.913
177946303 39.9874 -107.927
6375007846 40.0453 -107.905
177885615 40.0427 -107.916
177946301 39.9857 -107.927
177865314 40.0348 -107.916
6375007844 40.0458 -107.905
177946299 39.9855 -107.927
6375007811 40.0411 -107.905
6375007809 40.0411 -107.906
177946260 39.9598 -107.934
2400039207 40.0317 -107.911
7404156178 40.047 -107.906
177865326 40.0357 -107.91
177956184 40.0447 -107.92
177959621 40.027 -107.888
177865398 40.0466 -107.914
177943516 40.0244 -107.943
177937128 40.0433 -107.92
2400014936 40.0445 -107.915
177946259 39.9586 -107.933
1312603098 40.0457 -107.907
2400020651 40.0392 -107.925
177951657 40.0467 -107.915
1312603119 40.0449 -107.909
177946099 40.0482 -107.914
2400033882 40.0263 -107.925
1312603097 40.0459 -107.907
177946098 40.0482 -107.915
177952536 40.0445 -107.917
1312603072 40.0376 -107.925
177952139 40.0377 -107.918
177952534 40.0447 -107.917
2400011274 40.0341 -107.93
177952173 40.0426 -107.91
177945785 40.0266 -107.94
177952532 40.0449 -107.917
2400011272 40.0425 -107.91
177930640 40.0407 -107.91
1312603104 40.045 -107.909
177945783 40.0251 -107.941
177952133 40.0367 -107.923
2400034049 39.9801 -107.926
2400014921 40.0367 -107.908
177946327 40.0211 -107.925
177945533 40.042 -107.921
177946325 40.0208 -107.925
177945528 40.0406 -107.92
177946321 40.0171 -107.925
177881647 40.0423 -107.906
177945527 40.0395 -107.92
177960214 40.0448 -107.909
177946319 40.0099 -107.925
177881645 40.0421 -107.904
177945525 40.0374 -107.919
177945523 40.0364 -107.919
2400020469 40.0392 -107.913
6375008096 40.0452 -107.905
177945416 40.0562 -107.908
6375007832 40.0432 -107.905
2400014964 40.0352 -107.909
177946287 39.9767 -107.926
6375007841 40.0457 -107.905
177946296 39.9839 -107.927
2400011294 40.0421 -107.909
177865308 40.0363 -107.907
177946350 40.0395 -107.914
177936768 40.0274 -107.909
177945105 40.0338 -107.916
6375007825 40.0422 -107.904
177946280 39.974 -107.928
177948492 40.0438 -107.917
177885529 39.9997 -107.925
2400039228 40.0317 -107.913
177946279 39.9732 -107.929
177946274 39.9679 -107.932
6375007828 40.0439 -107.905
177946283 39.9754 -107.927
4375838953 40.0271 -107.908
6375007830 40.0434 -107.905
2400014962 40.0377 -107.904
177946285 39.9763 -107.927
177937154 40.0443 -107.919
177904788 40.0437 -107.918
177946310 40.0017 -107.925
177932018 40.0391 -107.907
2400033889 40.0139 -107.925
177958836 40.0415 -107.924
177866732 40.0375 -107.907
177930649 40.0348 -107.913
1312603092 40.045 -107.908
177960223 40.0466 -107.908
177968990 40.0427 -107.921
177946361 40.041 -107.906
8017128013 40.0214 -107.925
6375007972 40.0312 -107.913
177928893 40.0487 -107.938
177946359 40.0407 -107.907
6375007970 40.0315 -107.913
177928891 40.0476 -107.938
6375007968 40.0307 -107.914
177928889 40.047 -107.938
6375007966 40.0311 -107.914
177928887 40.0466 -107.939
6375007964 40.0314 -107.914
177928885 40.0462 -107.939
2400039192 40.0329 -107.912
177929868 40.0246 -107.942
4375838946 40.0157 -107.887
177945103 40.0368 -107.916
177865403 40.0471 -107.914
177960246 40.0495 -107.909
177928883 40.0453 -107.939
177866716 40.0363 -107.913
177928882 40.0433 -107.938
6375007960 40.0317 -107.913
177928881 40.0429 -107.938
6375008246 40.0385 -107.911
6065169485 40.0487 -107.914
177866772 40.0443 -107.914
2400034043 39.9773 -107.926
11920145789 40.0388 -107.913
177928605 40.0348 -107.917
177950825 40.0387 -107.906
3163815152 40.0228 -107.951
2400033932 40.0466 -107.909
177928593 40.0348 -107.919
177871255 40.0328 -107.918
177946314 40.0038 -107.924
2400020654 40.0401 -107.92
177924082 40.016 -107.887
177946337 40.0285 -107.923
177920245 40.027 -107.897
177952344 40.0405 -107.912
177950810 40.0358 -107.922
1312603069 40.045 -107.909
177952136 40.0372 -107.921
177928181 40.0291 -107.911
2400034037 39.9788 -107.926
177952538 40.0426 -107.917
177952141 40.0384 -107.914
177865512 40.0459 -107.914
7404156187 40.0461 -107.906
177959558 40.0393 -107.906
2400033847 40.0267 -107.925
177950824 40.0384 -107.908
177946292 39.9819 -107.926
7404156228 40.042 -107.907
177959599 40.0326 -107.918
7404156702 40.0304 -107.934
2400033858 40.0491 -107.91
177865379 40.0481 -107.91
177959602 40.0316 -107.916
177866704 40.035 -107.92
2400011273 40.0341 -107.931
177959622 40.0267 -107.887
177865399 40.0469 -107.914
177865305 40.0365 -107.906
6375007835 40.0438 -107.905
2400014967 40.0499 -107.913
177946290 39.9807 -107.926
2400020658 40.0451 -107.914
177866702 40.0347 -107.922
177866781 40.0397 -107.913
177901320 40.0367 -107.924
177952543 40.0339 -107.914
177945794 40.0341 -107.931
6375007821 40.041 -107.905
2400020653 40.0397 -107.916
177866697 40.0342 -107.925
2400033808 40.0442 -107.904
177865506 40.0451 -107.915
2400039210 40.0306 -107.913
7404156169 40.0474 -107.906
177871705 40.027 -107.906
177885600 39.968 -107.932
177958834 40.04 -107.924
2400020460 40.0389 -107.908
177959620 40.027 -107.908
177865397 40.0465 -107.913
6375007927 40.0404 -107.913
177937262 40.0427 -107.92
3163771886 40.0376 -107.906
177865406 40.0474 -107.914
2400020638 40.039 -107.92
177871464 39.9578 -107.932
177952363 40.0418 -107.911
177871375 39.9849 -107.927
6375007807 40.0413 -107.905
2400014939 40.0442 -107.914
2400020443 40.0361 -107.918
6375007741 40.0428 -107.905
2400020452 40.0356 -107.921
6375008050 40.0427 -107.906
177866805 40.0342 -107.912
177946356 40.0404 -107.909
2400020458 40.0358 -107.919
4375838957 40.0311 -107.915
177901279 40.0275 -107.939
6375008049 40.0423 -107.905
177866804 40.0341 -107.912
6375007836 40.0437 -107.906
177885605 40.0439 -107.916
177946291 39.9818 -107.926
177946312 40.0031 -107.925
6375008075 40.0381 -107.911
177916244 40.0345 -107.914
177951084 40.036 -107.924
177946335 40.0273 -107.924
177865347 40.036 -107.909
177952540 40.0413 -107.916
6375007967 40.0309 -107.914
177866722 40.037 -107.909
177866710 40.0356 -107.917
177873098 40.0493 -107.938
177945790 40.0332 -107.933
177946346 40.0382 -107.921
177952351 40.0433 -107.913
6375008267 40.0385 -107.913
4375838951 40.0269 -107.887
5859747815 39.9743 -107.928
2400014955 40.0457 -107.914
177952349 40.041 -107.912
6375008265 40.0384 -107.913
4375838949 40.0265 -107.887
177866783 40.0386 -107.913
2400033828 40.0084 -107.924
1312603091 40.045 -107.908
6375007965 40.0312 -107.914
177866720 40.0368 -107.911
6375007963 40.0316 -107.914
177866718 40.0365 -107.912
6375007823 40.0407 -107.905
177943546 40.0124 -107.925
7404156709 40.0278 -107.935
2400033865 39.9968 -107.926
6375007959 40.032 -107.913
177866714 40.036 -107.915
7404156707 40.0281 -107.934
2400033863 40.0474 -107.909
177866712 40.0358 -107.916
177866706 40.0353 -107.919
177865660 40.0474 -107.915
2400039197 40.033 -107.912
2400011302 40.034 -107.931
177956174 40.0398 -107.919
177865658 40.0474 -107.915
177866777 40.0418 -107.914
6375007834 40.0441 -107.906
177952360 40.0365 -107.909
2400014966 40.0337 -107.919
177946289 39.9785 -107.926
177865510 40.0457 -107.915
2400020657 40.0413 -107.913
177866701 40.0344 -107.924
177946307 39.9982 -107.926
7404156171 40.0472 -107.906
177865319 40.035 -107.914
177946278 39.9712 -107.931
2400039193 40.0327 -107.912
2400011298 40.0339 -107.931
177865505 40.0443 -107.915
177866775 40.0431 -107.914
177952767 40.0474 -107.908
177916243 40.0342 -107.916
2400033789 40.0086 -107.924
7404156182 40.0465 -107.906
177945180 40.0416 -107.922
177952353 40.045 -107.913
177952340 40.0359 -107.91
2400020449 40.0371 -107.924
177948584 40.0386 -107.907
177866802 40.034 -107.912
177948580 40.0359 -107.906
177960266 40.0508 -107.909
2400037722 40.0346 -107.92
177960278 40.0518 -107.91
7404156698 40.0314 -107.935
2400033854 40.026 -107.925
177952134 40.0368 -107.923
177866779 40.0408 -107.913
177946343 40.0376 -107.925
177865355 40.0362 -107.908
6375007839 40.0455 -107.906
177946294 39.9836 -107.926
177866695 40.0342 -107.925
6375007843 40.0458 -107.905
2400014975 40.05 -107.913
177946298 39.9847 -107.927
2400011296 40.0342 -107.926
2400014949 40.0447 -107.914
2400011291 40.0336 -107.932
