11920145838 11920145837
11920145838 11920145839
11920145836 11920145835
11920145836 11920145837
11920145819 6375008258
11920145818 6375008260
11920145817 6375008259
11920145817 6375008258
11920145813 11920145814
11920145813 11920145816
11920145812 11920145811
11920145812 11920145816
11920145809 11920145808
11920145795 11920145793
11920145793 11920145791
11920145793 11920145795
11920145792 11920145797
11920145792 11920145794
11920145792 11920145833
11920145792 11920145835
11920145798 11920145799
11920145798 11920145797
11920145799 11920145810
11920145799 11920145798
11920145810 11920145800
11920145810 11920145799
11920145810 11920145811
11920145815 11920145801
11920145815 11920145800
11920145815 11920145814
11920145801 11920145802
11920145801 11920145815
11920145801 11920145808
11920145802 11920145803
11920145802 11920145801
11920145804 11920145805
11920145804 11920145803
11920145805 11920145806
11920145805 11920145804
11920145805 6375008259
11920145805 6375008260
11920145806 11920145807
11920145806 11920145805
11920145791 11920145790
11920145791 11920145785
11920145791 11920145793
11920145787 11920145786
11920145787 11920145788
11920145785 11920145786
11920145785 11920145794
11920145785 11920145791
7404156708 7404156707
7404156708 7404156709
7404156706 7404156705
7404156706 7404156707
7404156705 7404156702
7404156705 7404156706
7404156701 7404156700
7404156701 7404156702
7404156700 7404156699
7404156700 7404156701
7404156699 7404156698
7404156699 7404156700
7404156619 7404156618
7404156618 7404156617
7404156618 7404156619
7404156617 7404156616
7404156617 7404156618
7404156616 7404156615
7404156616 7404156617
7404156615 7404156614
7404156615 7404156616
7404156614 177952131
7404156614 7404156615
177945536 177945534
177945533 177945532
177945533 177945534
177945532 177937256
177945532 177945533
7404156225 7404156224
7404156225 7404156226
7404156224 7404156223
7404156224 7404156225
7404156223 7404156222
7404156223 7404156224
7404156222 7404156221
7404156222 7404156223
7404156221 7404156220
7404156221 7404156222
7404156220 7404156219
7404156220 7404156221
7404156219 7404156227
7404156219 7404156220
7404156227 7404156219
7404156227 7404156228
7404156218 7404156217
7404156218 7404156228
7404156217 7404156216
7404156217 7404156218
7404156216 7404156215
7404156216 7404156217
7404156215 7404156214
7404156215 7404156216
7404156214 7404156213
7404156214 7404156215
7404156213 7404156214
7404156205 6375007722
7404156205 7404156206
7404156190 7404156189
7404156190 7404156191
7404156188 7404156187
7404156188 7404156189
7404156186 7404156185
7404156186 7404156187
7404156185 7404156184
7404156185 7404156186
7404156181 7404156180
7404156181 7404156182
7404156180 7404156179
7404156180 7404156181
7404156177 7404156176
7404156177 7404156178
7404156175 7404156174
7404156175 7404156176
7404156173 7404156172
7404156173 7404156174
7404156172 7404156171
7404156172 7404156173
7404156170 7404156169
7404156170 7404156171
11920145816 177866785
11920145816 2400020468
11920145816 11920145812
11920145816 11920145813
11920145794 6375008267
11920145794 6375008265
11920145794 11920145792
11920145794 11920145785
6375008248 6375008246
6375008248 6375008247
11920145803 6375008249
11920145803 6375008246
11920145803 11920145804
11920145803 11920145802
6375008492 6375008493
6375008493 6375008506
6375008493 6375008492
6375008507 6375008508
6375008507 6375008506
6375008508 6375008509
6375008508 6375008507
6375008509 6375008510
6375008509 6375008508
6375008491 6375008512
6375008220 6375008221
6375008220 6375008512
11920145800 6375008224
11920145800 11920145815
11920145800 11920145810
6375008488 6375008489
6375008489 6375008490
6375008489 6375008488
6375008490 6375008510
6375008490 6375008489
6375008510 6375008511
6375008510 6375008490
6375008510 6375008509
6375008511 6375008512
6375008511 6375008510
6375008512 6375008511
6375008512 6375008220
6375008512 6375008491
6375008503 6375008504
6375008503 6375008502
6375008504 6375008505
6375008504 6375008503
6375008505 6375008506
6375008505 6375008504
6375008506 6375008505
6375008506 6375008507
6375008506 6375008493
6375008083 6375008084
6375008084 6375008487
6375008084 6375008083
6375008487 6375008084
6375008487 6375008502
6375008487 6375008486
6375008485 6375008486
6375008225 6375008224
6375008224 6375008498
6375008224 6375008225
6375008224 11920145800
6375008224 6375008223
6375008498 6375008499
6375008498 6375008224
6375008499 6375008500
6375008499 6375008498
6375008500 6375008501
6375008500 6375008499
6375008501 6375008502
6375008501 6375008500
6375008502 6375008501
6375008502 6375008503
6375008502 6375008487
6375008247 6375008075
6375008247 6375008248
6375008075 6375008076
6375008075 6375008247
6375008076 6375008077
6375008076 6375008075
6375008078 6375008077
11920145797 6375008073
11920145797 2400020456
11920145797 11920145798
11920145797 11920145792
2400014977 177966853
2400014977 6375008010
177966853 177959564
177966853 2400014977
6375008048 6375008050
6375008048 6375008049
6375008051 6375008052
6375008051 6375008050
177959564 177952163
177959564 2400020447
177959564 177966853
7404156191 7404156190
7404156191 1312603097
177959562 177959560
177959562 177952163
7404156189 7404156188
7404156189 7404156190
177959560 177959558
177959560 177959562
7404156187 7404156186
7404156187 7404156188
177959558 177950826
177959558 177959560
7404156183 7404156182
7404156183 7404156184
177959554 177959550
177959554 177950826
6375008101 177959566
6375008101 177881647
6375007721 6375007720
6375007721 7404156206
6375008094 6375008095
6375008094 6375008093
6375008095 6375008096
6375008095 6375008094
6375008097 6375008098
6375008097 6375008096
6375008098 6375008097
6375008098 6375008092
6375008098 6375008089
6375008088 6375008086
6375008088 6375008091
6375008088 6375008090
6375008089 6375008086
6375008089 6375008098
6375008089 6375008093
6375008087 6375008091
6375008087 6375007731
6375008093 6375008085
6375008093 6375008094
6375008093 6375008089
6375008093 6375007727
6375008090 6375008085
6375008090 6375008088
6375008092 6375008091
6375008092 6375007722
6375008092 6375008098
6375008085 6375008086
6375008085 6375007884
6375008085 6375008090
6375008085 6375008093
6375008086 6375008085
6375008086 6375008089
6375008086 6375008088
6375007845 6375007846
6375007845 6375007844
177865310 177865312
177865310 177945521
177865310 177928593
6375007840 6375007841
6375007840 6375007839
6375007833 6375007834
6375007833 6375007732
6375007833 6375007731
177959566 6375007836
177959566 6375008101
177959566 6375007732
6375007826 6375007827
6375007826 6375007731
6375007826 6375007730
6375007827 6375007828
6375007827 6375007826
6375007829 6375007830
6375007829 6375007828
6375007810 6375007811
6375007820 6375007821
6375007820 6375007811
6375008011 6375008010
6375008011 2400020447
6375008011 177946361
6375008002 6375007996
6375008000 6375007999
6375008000 6375008001
6375007999 3163771914
6375007999 6375008000
177948511 177948512
177948511 177952174
6375007997 6375007998
6375007997 6375007994
177948512 177948511
6375007998 6375007995
6375007998 6375007997
6375007995 6375008001
6375007995 6375007994
6375007995 6375007998
6375008001 6375007995
6375008001 6375008000
6375008001 3163771911
6375007996 6375007994
6375007996 3163771911
6375007996 6375008002
6375007984 6375007985
177948499 177866772
177948499 2400020643
6375007985 6375007984
6375007985 6375007989
6375007971 6375007970
2400039222 2400039207
2400039222 2400039217
6375007973 6375007943
6375007973 6375007944
2400039199 2400039210
2400039199 6375007972
177946268 177946266
177946268 177871282
2400039217 2400039198
2400039217 2400039222
2400039214 2400039204
2400039206 2400039196
2400039206 2400039218
2400039196 177959602
2400039196 2400039206
177865393 177865392
177865393 177865394
177865393 177948507
177959616 177959614
177959616 4375838955
6375007923 6375007924
6375007923 6375007922
177865394 177865393
177865394 177865395
6375007924 6375007925
6375007924 6375007923
6375007918 6375007919
6375007918 6375007927
6375007918 6375007926
177865389 177865387
177865389 177865391
6375007919 6375007920
6375007919 6375007918
6375007920 6375007921
6375007920 6375007919
177865391 177865389
177865391 177865392
177937256 2400020655
177937256 177945528
177937256 177945532
177959614 2400039212
177959614 177959616
6375007921 6375007922
6375007921 6375007920
177937257 177945528
177937257 177956175
177865392 177865391
177865392 177865393
6375007922 6375007921
6375007922 6375007923
6375007994 6375007996
6375007994 6375007995
6375007994 6375007993
6375007994 6375007997
6375008223 6375008224
6375008223 6375008222
6065169462 6065169461
6375007992 6375007993
6375008221 6375008222
6375008221 6375008220
6065169460 177968274
6065169460 6065169461
2400033853 177946316
2400033853 177946318
7404156697 177945787
7404156697 177945790
7404156697 7404156698
177952174 1312603077
177952174 177948511
177952174 177952365
177945786 177901279
177945786 177945787
7404156841 177945781
7404156841 177943516
177952169 2400011294
177952169 177960206
177945781 3163815142
177945781 7404156841
177865312 177865310
177865312 177865314
177865312 177921326
177865312 177928605
6375007842 6375007843
177952152 177952150
2400033922 177946312
2400033922 2400033899
3163815142 3163815152
3163815142 177945781
1991729775 3163815152
177952173 1312603077
177952173 2400011272
177945785 177945784
177945785 177901279
2400011274 177945794
2400011274 2400011276
177945794 177945791
177945794 2400011274
2400011290 2400011291
2400011290 2400011298
2400011284 177945790
2400011284 2400011291
177945790 2400011284
177945790 7404156697
7404156179 7404156178
7404156179 7404156180
177959550 3163771886
177959550 177962126
177959550 177959554
2400014924 6375007990
2400014924 3163771886
6375007990 2400014962
6375007990 2400014924
7404156473 3163771893
7404156473 2400014962
3163771893 7404156473
2400039204 2400039228
2400039204 2400039207
2400039204 2400039198
2400039204 2400039214
2400039194 2400039201
177928710 2400014931
177928710 2400014914
177928710 177866712
177928710 177865314
2400039226 6375007958
2400039226 2400039228
2400039226 2400039198
2400020660 177945095
2400020660 177945097
2400020660 2400020645
2400020660 2400020653
6375007958 2400039218
6375007958 2400039226
6375007958 6375007959
177936687 177866701
177936687 177950809
177936687 2400020463
177936687 2400033867
2400039218 6375007958
2400039218 2400039206
2400039218 2400039220
177946262 177946260
177946262 5571113251
2400039211 2400039219
2400039211 2400039193
2400039211 6375007941
177946270 177871282
177946270 177946272
2400039219 2400039192
2400039219 2400039211
2400039219 6375007940
177929868 177943516
177929868 3163815141
2400039192 2400039197
2400039192 2400039219
177946272 177946270
177946272 5571113249
2400039221 2400039220
2400039221 2400039197
177928704 2400014931
177928704 177866710
2400039220 2400039221
2400039220 2400039218
177946266 177946264
177946266 177946268
2400039215 2400039225
177946276 177885600
177946276 2400034040
2400039225 6375007948
2400039225 2400039215
2400037721 177928593
2400037719 177916243
2400037719 177881197
2400037720 177916244
2400037720 177916243
2400033795 2400033907
2400033795 2400033816
2400033805 2400033849
2400033805 177955266
2400033805 2400033890
2400033905 2400033849
2400033905 177946646
2400033905 2400033793
2400020643 177948499
2400020643 177948503
2400020643 2400020658
2400020643 2400020646
1304772491 177966108
6375007941 2400039211
6375007941 6375007942
177951658 177951657
177951658 177951643
2400020652 2400020646
177951656 2400014970
177951656 177951657
6375007948 2400039225
6375007948 2400039207
2400020650 2400020642
2400020639 2400020649
2400020639 177866775
6375007947 6375007967
6375007947 6375007966
177951655 177865512
177951655 2400014970
177865417 177960285
177865417 177945416
2400020649 2400020656
2400020649 2400020639
6375008010 6375008011
6375008010 2400014977
6375008010 6375007823
6375008254 177946352
6375008254 177946354
7404156576 2400020659
6375007942 6375007940
6375007942 6375007941
2400020644 2400020640
2400020468 2400020470
2400020468 2400020450
2400020468 11920145816
2400020468 177866718
177945089 177945088
177945089 177904375
2400020471 2400020472
2400020471 2400020480
2400020471 177945523
2400020471 177945525
2400020465 177951084
2400020475 2400020445
177903543 177903541
177903543 177866779
177903543 177952349
2400020447 177948591
2400020447 177959564
2400020447 6375008011
2400020478 2400020474
2400020478 2400020444
2400020478 177945525
2400020478 177945526
177945094 177945092
177945094 2400020648
177945094 177956175
177945094 177952540
2400020476 2400020454
2400020467 177932018
177950808 177950806
177950808 177936624
1312609726 1312609738
1312609738 1312609732
1312609738 1312609719
1312609738 1312609726
1312609722 1312609713
1312609722 1312609732
1312603086 1312603122
1312603086 1312603089
1312603088 1312603125
1312603088 1312603083
1312603088 1312603098
2400033931 177946309
2400033931 177946310
1312603094 1312603080
1312603094 1312603114
2400033813 177946333
2400033813 177946335
3163771914 6375007999
6375008486 6375008485
6375008486 6375008487
1312603127 1312603082
1312603127 1312603084
7404156711 7404156710
7404156711 7404156712
2400033867 177936687
2400033919 2400033789
2400033919 2400033921
1312603082 1312603108
1312603082 1312603127
1312603070 177960214
1312603070 1312603119
2400033907 2400033793
2400033907 2400033795
1312603122 1312603087
1312603122 1312603101
1312603122 1312603086
2400033890 2400033810
2400033890 2400033805
177945784 3163815144
177945784 177945785
1312603105 1312603119
1312603105 1312603091
1312603116 1312603079
1312603116 1312603092
1312609713 1312603123
1312609713 1312603083
1312609713 1312609722
177945787 177945786
177945787 7404156697
1312603108 1312603096
1312603108 1312603101
1312603108 1312603082
1312603110 1312603098
1312603110 1312603114
1312603110 1312603125
2400033916 2400033835
2400033916 2400033918
1312603079 1312603091
1312603079 1312603116
1312603079 1312603073
177960285 177960278
177960285 177865417
2400037722 177928593
177960278 177960270
177960278 177960285
177904375 177945089
177904375 177945090
177960270 177960266
177960270 177960278
177960266 177960260
177960266 177960270
1312603113 1312603069
1312603113 177960214
2400033898 2400033927
2400033898 177960246
2400033927 2400033885
2400033927 2400033898
3163771898 177866716
3163771898 177866718
2400033797 2400033809
2400033797 177960223
2400033809 1312603089
2400033809 2400033797
2400033926 2400033802
2400033926 2400033786
1312603089 2400033809
1312603089 1312603096
1312603089 1312603086
3163815152 1991729775
3163815152 3163815142
2400033932 2400033913
2400033932 2400033810
177928593 177865310
177928593 177866706
177928593 2400037722
177928593 2400037721
177968992 177945534
177968992 177968993
177960223 2400033797
177960223 177960230
177968990 177937262
177968990 177945534
177865397 177865396
177865397 177865398
6375007927 177866779
6375007927 177866781
6375007927 6375007918
177959620 4375838953
177959620 177871705
177937262 177956180
177937262 177968990
2400020647 177952540
2400020647 177952541
2400020647 2400020641
2400020647 2400020648
6375007945 6375007944
6375007945 6375007970
2400020656 177955690
2400020656 177866777
2400020656 2400020649
177920364 4375838947
177920364 177924082
177968274 177958834
177968274 6065169460
2400020455 2400020446
2400020455 177948591
2400020446 177946356
2400020446 177946359
2400020446 2400020455
6375007744 2400033924
6375007744 6375007743
177955690 2400020641
177955690 177955693
177955690 177952540
177955690 2400020656
177966869 177966868
177966869 2400033808
177966868 2400033886
177966868 177966869
1312603101 1312603122
1312603101 1312603108
2400033886 177966867
2400033886 177966868
177955688 2400020636
177955688 2400020641
177955688 177952541
177955688 177866779
177966867 177966865
177966867 2400033886
177966865 177881645
177966865 177966867
177881647 6375008052
177881647 6375007809
177881647 6375008101
177945527 177957582
177945527 177956174
177945527 2400020638
177945527 2400020654
177966108 1304772491
177966108 177952541
6375007944 6375007973
6375007944 6375007945
2400020646 177866775
2400020646 177952351
2400020646 2400020643
2400020646 2400020652
177960206 177952169
177960206 177960214
2400020645 177946347
2400020645 177956174
2400020645 2400020638
2400020645 2400020660
6375007943 6375007972
6375007943 6375007973
2400020654 2400020637
2400020654 177905329
2400020654 177945527
2400020654 177945528
177924082 177920364
177924082 4375838946
177960214 177960206
177960214 1312603113
177960214 1312603070
4375838947 177943761
4375838947 177920364
177865508 2400014930
177865508 177865510
177865508 2400014925
177943761 177959624
177943761 4375838947
177865399 177865398
177865399 177865403
177959622 4375838950
177959622 4375838949
6375008266 6375008265
4375838950 4375838951
4375838950 177959622
1312603092 1312603109
1312603092 1312603116
1312603092 1312603078
177865398 177865397
177865398 177865399
177865398 177865516
177959621 177920245
177959621 4375838951
6375008091 6375008092
6375008091 6375008087
6375008091 6375008088
177920245 4375838952
177920245 177959621
4375838952 177871705
4375838952 177920245
2400039210 2400039199
7404156169 7404156170
177871705 177959620
177871705 4375838952
1312603091 1312603079
1312603091 1312603105
1312603091 1312603075
4375838954 177936768
4375838954 4375838953
177946350 177946348
177946350 6375008257
177946350 2400020441
177946350 2400020636
177936768 177928181
177936768 4375838954
177952136 177952134
177952136 177945525
177952136 2400020472
177952136 2400020444
1312603069 1312603113
1312603069 1312603084
1312603069 1312603104
177928181 4375838955
177928181 177936768
4375838955 177959616
4375838955 177928181
2400033924 2400033808
2400033924 6375007744
3163815144 177945783
3163815144 177945784
1312603087 1312603075
1312603087 1312603122
1312603087 1312603073
2400039212 2400039213
2400039212 177959614
177946264 5571113251
177946264 177946266
2400039213 4375838956
2400039213 2400039212
4375838956 177959606
4375838956 2400039213
177901279 177945785
177901279 177945786
4375838957 177959604
4375838957 177959606
1312603075 1312603091
1312603075 1312603087
177865381 177865379
177865381 2400033866
177959604 177959602
177959604 4375838957
11920145834 11920145833
11920145834 11920145839
2400034375 4375838959
2400034375 4375838958
7404156228 7404156218
7404156228 7404156227
177959599 177871255
177959599 4375838959
6375007723 6375007846
6375007723 6375007722
6375007725 6375007726
6375007725 6375008100
177866793 177866791
177866793 1304645178
6375007726 6375007727
6375007726 6375007725
6375007727 6375007726
6375007727 6375007884
6375007727 6375008093
1312603103 1312603097
177958835 2400020642
177958835 177958836
6375007940 2400039219
6375007940 6375007942
1304772490 177952167
1304772490 2400011294
177865410 177865408
177865410 6065169485
2400020642 177958834
2400020642 177958835
2400020642 2400020650
2400020642 2400020655
177958834 177905327
177958834 2400020642
177958834 177968274
177958834 177957588
2400033885 177952767
2400033885 2400033927
177958832 2400020640
177958832 177905327
177958832 177966113
177958832 177957582
177952544 177952543
177962126 177959550
177962126 177866732
2400020442 177950810
2400020442 177952134
2400020442 177951084
2400020442 2400020472
2400020463 177866702
2400020463 177950810
2400020463 2400020452
2400020463 177936687
177948507 177948503
177948507 177952367
177948507 177865393
6375007993 6375007994
6375007993 6375007992
6375008222 6375008223
6375008222 6375008221
6065169461 6065169460
6065169461 6065169462
177957606 177957604
177957604 177957602
177957604 177957606
177948503 2400020643
177948503 177948507
177948503 177952351
177948503 177952353
6375007989 6375007985
177957602 177957600
177957602 177957604
177957596 177945180
177957596 177957600
177957594 177957592
177957594 177945180
177957592 2400020655
177957592 177957594
2400020655 177957588
2400020655 177957592
2400020655 2400020642
2400020655 177937256
2400020636 177946350
2400020636 177955688
2400020636 2400020653
177905329 177957582
177905329 177957588
177905329 2400020654
177905329 177905327
2400020659 177946346
2400020659 177957582
2400020659 2400020640
2400020659 7404156576
177945090 177904375
177945090 177937154
2400020472 177950812
2400020472 177952136
2400020472 2400020442
2400020472 2400020471
2400039201 6375007974
2400039201 2400039194
177956178 177956175
177956178 177956180
177956178 177945092
2400039198 2400039193
2400039198 2400039204
2400039198 2400039217
2400039198 2400039226
177956175 2400020637
177956175 177956178
177956175 177937257
177956175 177945094
177865396 177865395
177865396 177865397
6375007926 6375007918
6375007926 6375007925
177951643 177951658
2400020637 177956174
2400020637 177956175
2400020637 2400020648
2400020637 2400020654
177945092 177945091
177945092 177945094
177945092 177956178
177945092 177952538
2400020474 177952139
2400020474 177946347
2400020474 2400020453
2400020474 2400020478
2400020480 177950814
2400020480 177952139
2400020480 2400020471
2400020480 2400020451
177946301 177946299
177946301 177946303
177885615 177952538
177885615 177955693
6375007741 6375007742
6375007741 6375008050
2400020443 177866710
2400020443 177950814
2400020443 2400020466
2400020443 2400020458
11920145789 11920145788
11920145789 11920145790
177928605 177865312
177928605 2400014931
177955695 177948495
177955694 177955693
177955694 177948495
177955693 177955690
177955693 177955694
177955693 177885615
2400020641 177955688
2400020641 177955690
2400020641 2400020657
2400020641 2400020647
2400020441 11920145839
2400020441 177946350
2400020441 2400020469
2400020441 2400020461
11920145839 177952141
11920145839 2400020441
11920145839 11920145838
11920145839 11920145834
6375007974 2400039228
6375007974 2400039201
6375007974 6375007970
11920145835 2400020456
11920145835 177952141
11920145835 11920145792
11920145835 11920145836
2400020450 177866716
2400020450 177950817
2400020450 2400020468
2400020450 2400020477
177930649 177911056
177930649 177865322
177930649 177916244
11920145807 11920145806
177911056 177930649
2400033915 2400033804
2400033915 2400033908
177952145 177952144
1312603078 1312603092
1312603078 6375007720
7404156707 7404156706
7404156707 7404156708
2400033863 2400033820
2400033863 177952767
2400033820 2400033917
2400033820 2400033863
2400033820 2400033816
177952543 177881204
177952543 177952544
2400020466 177945103
2400020466 177866712
2400020466 2400020477
2400020466 2400020443
177881204 177916244
177881204 177952543
177916244 177952542
177916244 177881204
177916244 177930649
177916244 2400037720
177952542 177865319
177952542 177916244
177945095 2400020648
177945095 2400020660
177945095 177956174
2400020477 177950815
2400020477 177866714
2400020477 2400020450
2400020477 2400020466
2400020462 177952140
2400020462 177950815
2400020462 2400020451
2400020462 2400020456
2400020461 177946348
2400020461 177952140
2400020461 2400020441
2400020461 2400020453
177952541 2400020647
177952541 2400020653
177952541 177966108
177952541 177955688
177952767 2400033863
177952767 177960230
177952767 2400033885
177952540 177952538
177952540 2400020647
177952540 177945094
177952540 177955690
177952538 177948492
177952538 177952540
177952538 177945092
177952538 177885615
177952536 177952534
177952536 177948492
177952534 177952532
177952534 177952536
177952532 177952534
177952367 177952365
177952367 177948507
177952365 177952364
177952365 177952367
177952365 177952351
177952365 177952174
2400033793 2400033905
2400033793 2400033907
2400014970 177951655
2400014970 177951656
177952364 177952363
177952364 177952365
177952364 177952350
177952364 2400011272
177952363 177952362
177952363 177952364
2400033791 177871375
2400033791 2400033836
177952362 177930640
177952362 177952363
177952362 177952349
177952362 177952167
1312603104 1312603119
1312603104 1312603069
177945783 3163815141
177945783 3163815144
2400011272 177952364
2400011272 177952173
177930640 177946354
177930640 177952362
7404156184 7404156183
7404156184 7404156185
177945182 177945180
177952355 2400014955
6375007822 6375007823
6375007822 6375007821
2400014954 177952354
2400014954 2400014955
177905327 177958832
177905327 177958834
177905327 177905329
177905327 2400020651
2400014956 2400014949
2400014956 177865506
177952350 177952349
177952350 177952351
177952350 177903541
177952350 177952364
6375008259 6375008249
6375008259 177952143
6375008259 11920145805
6375008259 11920145817
177937128 177941660
177937128 177956180
177937128 177956182
177943516 7404156841
177943516 177929868
2400034038 177946278
2400034038 2400034041
177960253 177960246
177960253 177960260
4375838953 4375838954
4375838953 177959620
6375008249 2400020473
6375008249 6375008259
6375008249 11920145803
177945091 177937154
177945091 177945092
177945091 177941660
177945091 177904788
2400020473 177950819
2400020473 6375008249
2400020473 2400020445
177945088 177904501
177945088 177945089
2400020470 177866720
2400020470 177950819
2400020470 2400020464
2400020470 2400020468
177865383 2400033866
177865383 177865385
177959606 4375838957
177959606 4375838956
177952144 6375008258
177952144 177952145
177952144 2400020445
177952144 2400020454
1312603077 177952173
1312603077 177952174
177945791 2400011298
177945791 177945794
177952167 7404156226
177952167 1304772490
177952167 177952362
2400011276 2400011274
2400011276 2400011296
177927456 177946336
177927456 177946337
177930644 177946356
177930644 7404156226
1312603096 1312603089
1312603096 1312603108
177952163 177948587
177952163 177959562
177952163 177959564
6375008258 177952143
6375008258 177952144
6375008258 11920145817
6375008258 11920145819
2400033913 2400033849
2400033913 2400033932
177952143 6375008260
177952143 6375008258
177952143 6375008259
177952143 2400020479
177865395 177865394
177865395 177865396
6375007925 6375007926
6375007925 6375007924
11920145786 6375008267
11920145786 177866783
11920145786 11920145785
11920145786 11920145787
8017128013 177946327
8017128013 2400033787
6375007972 2400039199
6375007972 6375007943
177928893 177928891
177928893 177873098
11920145833 177952141
11920145833 6375008267
11920145833 11920145792
11920145833 11920145834
11920145837 177952140
11920145837 177952141
11920145837 11920145836
11920145837 11920145838
177952131 177951086
177952131 7404156614
3163815141 177929868
3163815141 177945783
2400033921 2400033919
2400033921 2400033802
1312603084 1312603127
1312603084 1312603069
7404156713 7404156712
2400033869 2400033889
2400033869 177946321
177871375 177946298
177871375 2400033791
177946304 2400033918
177946304 2400033868
177951086 177951084
177951086 177901320
177951086 177952131
177951086 177952133
2400033849 2400033905
2400033849 2400033805
2400033849 2400033913
177950826 177950825
177950826 177959554
177950826 177959558
177950823 177950822
177950823 177950824
177950823 177866730
2400033845 2400033832
177950822 177950821
177950822 177950823
177950821 177950819
177950821 177950822
177950821 2400020464
177950821 2400020445
177955266 177955268
177955266 2400033805
2400033842 2400033902
2400033842 2400033819
177950819 11920145808
177950819 177950821
177950819 2400020470
177950819 2400020473
177950817 177950815
177950817 11920145811
177950817 2400020450
177950817 2400020456
6375007961 6375007946
177921326 177881197
177921326 177865312
177889446 2400014914
177889446 177866787
177889446 177865322
177889446 177866716
177950815 177945103
177950815 177950817
177950815 2400020462
177950815 2400020477
177904501 177945088
1312609732 1312609722
1312609732 1312609738
177950814 177945523
177950814 177945103
177950814 2400020443
177950814 2400020480
177865308 177865305
177865308 2400020457
2400011294 1304772490
2400011294 177952169
177945523 177950812
177945523 177950814
177945523 2400020458
177945523 2400020471
2400033835 177946303
2400033835 2400033916
177950812 177950810
177950812 177945523
177950812 2400020452
177950812 2400020472
2400020456 177950817
2400020456 11920145835
2400020456 2400020462
2400020456 11920145797
177871282 177946268
177871282 177946270
6375008077 6375008078
6375008077 6375008076
177948591 177948587
177948591 177946359
177948591 2400020455
177948591 2400020447
177866732 2400020448
177866732 177948584
177866732 177962126
177866732 177866730
1312603080 1312603094
1312603080 1312603098
1312603080 1312603097
2400033917 2400033866
2400033917 2400033820
2400034048 2400034037
2400034048 2400034035
2400014920 177948495
2400014920 177865505
2400033810 2400033932
2400033810 2400033890
3163771911 6375008001
3163771911 6375007996
177948495 177885605
177948495 2400014920
177948495 177955694
177948495 177955695
2400034037 177946289
2400034037 2400034048
177946310 2400033931
177946310 177946312
177904788 177945091
177904788 177948492
177957600 177957596
177957600 177957602
177957600 177968995
177957600 177968997
177941660 177937128
177941660 177945091
177866800 177866801
177866800 177866799
177946650 2400014917
177946650 177955268
177946650 177955270
2400014938 177946648
2400014938 2400014917
177946354 6375008254
177946354 177946356
177946354 2400020454
177946354 177930640
4375838958 2400034375
4375838958 177959602
177946352 6375008255
177946352 6375008254
177946352 2400020479
177946352 177952344
2400034045 177946283
2400034045 2400034039
177960260 177960253
177960260 177960266
6375008256 177866781
6375008256 6375008255
177946348 177945097
177946348 177946350
177946348 2400020653
177946348 2400020461
177946347 177945526
177946347 177945097
177946347 2400020474
177946347 2400020645
177903541 177903543
177903541 177866777
177903541 177952350
2400020445 177950821
2400020445 177952144
2400020445 2400020473
2400020445 2400020475
6375007743 6375007744
6375007743 6375007742
2400020454 177952144
2400020454 177946354
2400020454 2400020476
2400020454 2400020479
177952150 177948587
177952150 177952152
1312603083 1312609713
1312603083 1312603088
2400033920 177946306
2400033920 2400033850
7404156226 177930644
7404156226 177952167
7404156226 7404156225
177968997 177957600
177968997 177968999
6375007722 6375007723
6375007722 7404156205
6375007722 6375008092
177946291 2400034033
177946291 177946292
177885605 177948492
177885605 177948495
177946346 177946345
177946346 177945526
177946346 2400020444
177946346 2400020659
2400020448 177865305
2400020448 177866732
2400020448 2400020457
177946340 177946339
177946340 177871255
7404156206 6375007721
7404156206 7404156205
6375007884 6375008085
6375007884 6375007728
6375007884 6375007727
177946339 177946338
177946339 177946340
177946338 177946337
177946338 177946339
177948580 177865305
177946337 177927456
177946337 177946338
177946336 177946335
177946336 177927456
177946333 2400033847
177946333 2400033813
6375008257 177946350
6375008257 177866781
177950824 177950823
177950824 177948584
2400033847 2400033880
2400033847 177946333
7404156698 7404156697
7404156698 7404156699
2400033854 177946331
2400033854 2400033882
177945534 177968990
177945534 177968992
177945534 177945533
177945534 177945536
177946331 177946329
177946331 2400033854
177946329 2400033787
177946329 177946331
2400033804 2400033858
2400033804 2400033915
177946327 177946325
177946327 8017128013
1312609719 1312609738
177881646 6375007825
177881646 6375008049
177945526 177946346
177945526 177946347
177945526 2400020478
177945526 2400020638
177946323 177946321
177946323 177946325
2400039193 2400039211
2400039193 2400039198
2400011298 2400011302
2400011298 2400011290
2400011298 177945791
177946321 2400033869
177946321 177946323
177881645 6375007825
177881645 177966865
177881645 6375007779
177945525 177952136
177945525 177952139
177945525 2400020471
177945525 2400020478
177946319 2400033786
177946319 177943546
2400033786 2400033926
2400033786 177946319
177951084 177950809
177951084 177951086
177951084 2400020465
177951084 2400020442
2400033802 2400033921
2400033802 2400033926
2400033828 177946318
2400033828 2400033789
177945521 2400014966
177945521 177865310
177946318 2400033853
177946318 2400033828
177945519 177871257
177945519 2400014966
177871257 177871255
177871257 177945519
177946316 177946314
177946316 2400033853
2400039197 2400039221
2400039197 2400039192
177956174 2400020645
177956174 2400020637
177956174 177945527
177956174 177945095
2400011302 2400011298
2400011302 2400011273
177945528 177957588
177945528 177937257
177945528 2400020654
177945528 177937256
177946325 177946323
177946325 177946327
6375007823 6375007822
6375007823 6375008010
6375007823 6375007779
177943546 177946319
177943546 2400033889
177957588 177905329
177957588 2400020655
177957588 177958834
177957588 177945528
177866730 2400020457
177866730 177950823
177866730 177866724
177866730 177866732
6375007808 6375007809
6375007808 6375007807
177911591 177946307
177911591 177885529
6375008260 11920145790
6375008260 177952143
6375008260 11920145805
6375008260 11920145818
2400033850 2400033920
2400033850 2400033865
177946306 2400033868
177946306 2400033920
2400014980 6065169485
2400014980 2400014967
177946303 177946301
177946303 2400033835
6375007846 6375008099
6375007846 6375007723
6375007846 6375007845
177865314 177865312
177865314 177865319
177865314 177928710
177865314 177916243
6375007844 6375007841
6375007844 6375007845
6375007844 6375007843
177946299 2400033836
177946299 177946301
2400033836 2400033791
2400033836 177946299
2400033910 2400033832
2400033910 2400033930
1312603073 1312603079
1312603073 1312603087
177952140 177945099
177952140 11920145837
177952140 2400020461
177952140 2400020462
177968993 177968992
177968993 177968995
177866785 11920145811
177866785 11920145814
177866785 11920145816
2400034044 177946292
2400034044 177946294
177946292 177946291
177946292 2400034044
2400034033 177946290
2400034033 177946291
177866804 177866805
177866804 177866803
6375008049 177881646
6375008049 6375008052
6375008049 6375008048
2400034036 2400034049
2400034036 177946290
2400034035 2400034048
2400034035 2400034049
2400034043 2400034034
2400034043 177946289
2400034034 177946287
2400034034 2400034043
2400014955 2400014954
2400014955 177952355
177952349 177952344
177952349 177952350
177952349 177903543
177952349 177952362
5859747815 177946280
5859747815 2400034047
2400034041 2400034038
2400034041 2400034042
6375007811 6375007820
6375007811 6375007810
6375007809 6375007808
6375007809 177946361
6375007809 177881647
177865387 177865385
177865387 177865389
177865387 177946646
5571113251 177946262
5571113251 177946264
7404156710 7404156709
7404156710 7404156711
1304645178 177866795
1304645178 177866793
2400033866 177865381
2400033866 177865383
2400033866 2400033917
177946260 177946259
177946260 177946262
7404156709 7404156708
7404156709 7404156710
2400033865 2400033850
2400033865 177946307
2400014936 2400014963
2400014936 2400014949
177946259 177871464
177946259 177946260
3163771886 2400014924
3163771886 177959550
177865406 177865403
177865406 2400014940
177865406 177865658
2400020638 177945526
2400020638 2400020645
2400020638 177945527
11920145788 2400020469
11920145788 177866783
11920145788 11920145787
11920145788 11920145789
177871464 177946259
6375007828 6375007829
6375007828 6375007827
177946283 2400034047
177946283 2400034045
177952354 2400014925
177952354 2400014954
2400014960 177946099
1312603098 1312603110
1312603098 1312603088
1312603098 1312603080
2400020651 177905327
177951657 177951656
177951657 177951658
1312603119 1312603104
1312603119 1312603105
1312603119 1312603070
177946099 177946098
177946099 2400014960
177950825 177948584
177950825 177950826
2400020459 177952134
2400020459 177946345
2400020459 2400020444
2400020459 2400020449
177881197 177921326
177881197 2400037719
177865385 177865383
177865385 177865387
5571113249 177946272
5571113249 177946274
1312603097 1312603080
1312603097 1312603103
1312603097 7404156191
2400033882 2400033854
2400033882 2400033880
177946098 177865658
177946098 177946099
6375007832 6375007742
6375007832 6375007831
2400014964 177865347
177946287 177946285
177946287 2400034034
2400011273 2400011302
2400011273 177950806
6375007841 6375007844
6375007841 6375007840
177946296 177946294
177946296 177946298
2400033803 2400033908
2400033803 177865379
3163771904 177866720
3163771904 177866722
2400033902 2400033897
2400033902 2400033842
177945105 177916243
177916243 177865314
177916243 177945105
177916243 2400037720
177916243 2400037719
2400014918 177866787
2400014918 177952360
2400014918 177952340
2400014918 177866720
2400034046 2400034039
2400034046 177946285
177946345 177946343
177946345 177946346
177946345 2400020459
177946345 2400020640
2400020444 177952136
2400020444 177946346
2400020444 2400020478
2400020444 2400020459
6375007742 6375007743
6375007742 6375007741
6375007742 6375007832
2400020453 177945097
2400020453 177945099
2400020453 2400020461
2400020453 2400020474
177866704 177866702
177866704 177866706
177866704 2400020452
177946343 1312603072
177946343 177946345
177946343 2400020449
177865355 177865347
177865355 2400014921
2400020451 177945099
2400020451 177945103
2400020451 2400020480
2400020451 2400020462
6375007946 6375007961
6375007946 6375007960
2400020648 177945094
2400020648 177945095
2400020648 2400020647
2400020648 2400020637
177959624 4375838949
177959624 177943761
2400033880 2400033882
2400033880 2400033847
177946274 5571113249
177946274 177885600
177958836 177958835
177958836 177968999
2400033889 177943546
2400033889 2400033869
6375007830 6375007831
6375007830 6375007829
2400014962 7404156473
2400014962 6375007990
177946285 2400034046
177946285 177946287
177937154 177945090
177937154 177945091
177956180 177956178
177956180 177937128
177956180 177937262
7404156174 7404156173
7404156174 7404156175
177865322 177865319
177865322 177865324
177865322 177930649
177865322 177889446
6375007825 177881645
6375007825 177881646
177946280 177946279
177946280 5859747815
177866791 177865324
177866791 177866793
177968999 177968997
177968999 177958836
177948492 177904788
177948492 177885605
177948492 177952536
177948492 177952538
177885529 177911591
177885529 177946308
2400039228 2400039226
2400039228 6375007974
2400039228 6375007960
2400039228 2400039204
177946279 2400034042
177946279 177946280
177952141 11920145837
177952141 11920145833
177952141 11920145835
177952141 11920145839
6375007967 6375007968
6375007967 6375007947
177866722 3163771904
177866722 177866724
177866722 177952360
177866722 2400020464
177866710 177866706
177866710 3163771926
177866710 177928704
177866710 2400020443
177873098 177928893
177946359 2400020446
177946359 177946361
177946359 177948591
6375007970 6375007945
6375007970 6375007971
6375007970 6375007974
177928891 177928889
177928891 177928893
6375007966 6375007947
6375007966 6375007965
177928887 177928885
177928887 177928889
6375007964 6375007965
6375007964 6375007963
177928885 177928883
177928885 177928887
177928883 177928882
177928883 177928885
177866716 177866714
177866716 3163771898
177866716 177889446
177866716 2400020450
177928882 177928881
177928882 177928883
2400020457 177865308
2400020457 177866730
2400020457 2400020448
6375007960 2400039205
6375007960 2400039228
6375007960 6375007946
6375007960 6375007959
177928881 177928882
177946278 2400034040
177946278 2400034038
2400033789 2400033828
2400033789 2400033919
2400014966 177945519
2400014966 177945521
177952360 2400014918
177952360 2400014921
177952360 177865347
177952360 177866722
6375008099 6375008100
6375008099 6375007846
177952133 177951086
177952133 177952134
2400034049 2400034035
2400034049 2400034036
2400014921 177952360
2400014921 177865355
2400014921 177866724
2400034040 177946276
2400034040 177946278
2400014931 177928710
2400014931 177928605
2400014931 177928704
2400020460 177932018
7404156712 7404156711
7404156712 7404156713
2400033868 177946304
2400033868 177946306
6375007807 6375007808
2400014939 177866772
2400014939 177866775
6375007968 6375007969
6375007968 6375007967
177928889 177928887
177928889 177928891
2400020464 177866722
2400020464 177950821
2400020464 2400020470
177946356 177946354
177946356 2400020446
177946356 177930644
2400020458 2400020443
2400020458 2400020452
2400020458 177866706
2400020458 177945523
11920145814 177866785
11920145814 11920145808
11920145814 11920145813
11920145814 11920145815
177955268 177955266
177955268 177946650
177866801 177866802
177866801 177866800
2400020449 177901320
2400020449 177946343
2400020449 2400020459
177948584 177866732
177948584 177932018
177948584 177950824
177948584 177950825
177866802 177866803
177866802 177866801
177955270 177946650
177866803 177866804
177866803 177866802
6375007732 177959566
6375007732 6375007833
177866799 177866798
177866799 177866805
177866799 177866800
11920145811 177950817
11920145811 177866785
11920145811 11920145810
11920145811 11920145812
6375007731 6375008087
6375007731 6375007833
6375007731 6375007826
177946648 177946646
177946648 2400014938
177866798 177866797
177866798 177866799
6375007730 6375007826
6375007730 6375007729
177866797 177866795
177866797 177866798
177946308 177885529
177946308 2400033894
1312603109 1312603092
1312603109 1312603123
2400033894 177946308
2400033894 177946309
2400020479 177952143
2400020479 177946352
2400020479 2400020454
2400020479 2400020469
177945097 2400020660
177945097 2400020453
177945097 177946347
177945097 177946348
177946314 2400033899
177946314 177946316
177871255 177871257
177871255 177946340
177871255 177959599
6375007969 6375007968
177957582 2400020659
177957582 177905329
177957582 177958832
177957582 177945527
177866724 177866722
177866724 2400014921
177866724 177866730
177952353 177948503
7404156182 7404156181
7404156182 7404156183
177945180 177945182
177945180 177957594
177945180 177957596
177865305 177865308
177865305 177948580
177865305 2400020448
6375007835 6375007836
6375007835 6375007834
177946290 2400034036
177946290 2400034033
2400014967 2400014980
2400014967 2400014975
6375007963 6375007964
6375007963 2400039205
177866718 3163771898
177866718 177866720
177866718 2400020468
177866718 177866787
177866712 3163771926
177866712 177866714
177866712 2400020466
177866712 177928710
177952139 177945525
177952139 177945099
177952139 2400020480
177952139 2400020474
1312603072 177946343
177866706 177866704
177866706 177866710
177866706 177928593
177866706 2400020458
6375007834 6375007835
6375007834 6375007833
177946289 2400034043
177946289 2400034037
177932018 177948584
177932018 177948587
177932018 2400020460
177932018 2400020467
177865510 177865508
177865510 177865512
2400020657 177866777
2400020657 177866779
2400020657 2400020641
177866701 177866697
177866701 177866702
177866701 177936687
6375007839 6375007840
177946294 2400034044
177946294 177946296
177960246 2400033898
177960246 177960253
4375838946 177924082
177865403 177865399
177865403 177865406
177945103 2400020451
177945103 2400020466
177945103 177950814
177945103 177950815
2400033808 177966869
2400033808 2400033924
177865506 2400014956
177865506 2400014930
2400020653 177952541
2400020653 177946348
2400020653 2400020660
2400020653 2400020636
177866697 177866695
177866697 177866701
4375838951 177959621
4375838951 4375838950
6375008267 11920145833
6375008267 11920145786
6375008267 11920145794
177865660 177865658
177866772 2400014939
177866772 177948499
6375008246 11920145803
6375008246 6375008248
6065169485 177865410
6065169485 2400014980
6375007729 6375007730
6375007729 6375007728
177946646 177865387
177946646 177946648
177946646 2400033905
177865658 177865406
177865658 177865660
177865658 177946098
177865512 177865510
177865512 177865514
177865512 177951655
2400033832 2400033845
2400033832 2400033910
177950809 177936624
177950809 177950810
177950809 177936687
177950809 177951084
177952344 177946352
177952344 177952349
6375007720 1312603078
6375007720 6375007721
177866787 177889446
177866787 2400014918
177866787 177866718
177866787 177865324
177968995 177968993
177968995 177957600
177952340 177865326
177952340 2400014918
6375007843 6375007844
6375007843 6375007842
177946298 177946296
177946298 177871375
2400014975 2400014967
2400020658 2400020643
177866702 177866701
177866702 177866704
177866702 2400020463
11920145808 11920145814
11920145808 177950819
11920145808 11920145801
11920145808 11920145809
6375007728 6375007729
6375007728 6375007884
177866795 177866797
177866795 1304645178
177866783 11920145788
177866783 11920145786
177866783 11920145790
2400033875 2400033827
2400033875 2400033858
6375007831 6375007832
6375007831 6375007830
2400014963 177865505
2400014963 2400014936
177950806 2400011273
177950806 177950808
2400014917 2400014938
2400014917 177946650
3163771926 177866710
3163771926 177866712
6375007779 6375007823
6375007779 177881645
177945099 2400020453
177945099 2400020451
177945099 177952139
177945099 177952140
177952351 177952350
177952351 177948503
177952351 2400020646
177952351 177952365
2400020640 177946345
2400020640 177958832
2400020640 2400020644
2400020640 2400020659
177865408 2400014940
177865408 177865410
6375007959 6375007960
6375007959 6375007958
177866714 177866712
177866714 177866716
177866714 2400020477
177866714 2400014914
177966113 177958832
177936624 177950808
177936624 177950809
177865505 2400014963
177865505 2400014920
177946361 177946359
177946361 6375008011
177946361 6375007809
6375008096 6375008097
6375008096 6375008095
177945416 177865417
2400020469 177866781
2400020469 11920145788
2400020469 2400020479
2400020469 2400020441
177950810 177950809
177950810 177950812
177950810 2400020463
177950810 2400020442
2400014940 177865406
2400014940 177865408
177866775 2400014939
177866775 177866777
177866775 2400020646
177866775 2400020639
2400033930 2400033910
2400033930 2400033790
2400014930 177865506
2400014930 177865508
177865379 2400033803
177865379 177865381
177959602 4375838958
177959602 177959604
177959602 2400039196
7404156702 7404156701
7404156702 7404156705
2400033858 2400033875
2400033858 2400033804
2400014925 177865508
2400014925 177952354
177960230 177960223
177960230 177952767
2400034039 2400034045
2400034039 2400034046
6375008052 6375008049
6375008052 177881647
6375008052 6375008051
2400034047 5859747815
2400034047 177946283
1312603123 1312603109
1312603123 1312609713
2400033908 2400033915
2400033908 2400033803
177866695 177866697
177866695 2400011296
2400033827 2400033819
2400033827 2400033875
6375008265 6375008266
6375008265 11920145794
4375838949 177959622
4375838949 177959624
6375007821 6375007822
6375007821 6375007820
177885600 177946274
177885600 177946276
2400033819 2400033842
2400033819 2400033827
177946307 2400033865
177946307 177911591
7404156171 7404156170
7404156171 7404156172
177865319 177865314
177865319 177865322
177865319 2400014914
177865319 177952542
177865516 177865514
177865516 177865398
2400033790 2400033930
2400033790 2400033897
2400014914 177928710
2400014914 177889446
2400014914 177866714
2400014914 177865319
2400034042 2400034041
2400034042 177946279
4375838959 177959599
4375838959 2400034375
6375008255 6375008256
6375008255 177946352
11920145790 177866783
11920145790 6375008260
11920145790 11920145789
11920145790 11920145791
177866777 177866775
177866777 2400020657
177866777 2400020656
177866777 177903541
2400033816 2400033795
2400033816 2400033820
177865514 177865512
177865514 177865516
177901320 177951086
177901320 2400020449
2400033787 8017128013
2400033787 177946329
177866781 6375007927
177866781 2400020469
177866781 6375008257
177866781 6375008256
2400014949 2400014936
2400014949 2400014956
2400039207 2400039204
2400039207 6375007948
2400039207 2400039222
177956184 177956182
7404156178 7404156177
7404156178 7404156179
177865326 177865324
177865326 177952340
177946335 2400033813
177946335 177946336
177865347 2400014964
177865347 177865355
177865347 177952360
6375008100 6375007725
6375008100 6375008099
177952134 177952133
177952134 177952136
177952134 2400020442
177952134 2400020459
177866779 2400020657
177866779 6375007927
177866779 177955688
177866779 177903543
177946312 177946310
177946312 2400033922
2400033918 2400033916
2400033918 177946304
2400039205 6375007960
2400039205 6375007963
177956182 177937128
177956182 177956184
7404156176 7404156175
7404156176 7404156177
177865324 177865322
177865324 177865326
177865324 177866787
177865324 177866791
6375007965 6375007966
6375007965 6375007964
177866720 177866718
177866720 3163771904
177866720 2400014918
177866720 2400020470
2400020452 177866704
2400020452 177950812
2400020452 2400020458
2400020452 2400020463
6375008073 11920145797
177948587 177932018
177948587 177948591
177948587 177952150
177948587 177952163
6375008050 6375007741
6375008050 6375008051
6375008050 6375008048
177866805 177866799
177866805 177866804
6375007836 177959566
6375007836 6375007835
2400033897 2400033790
2400033897 2400033902
177946309 2400033894
177946309 2400033931
1312603125 1312603110
1312603125 1312603088
2400011296 2400011276
2400011296 177866695
1312603114 1312603094
1312603114 1312603110
2400033899 2400033922
2400033899 177946314
2400011291 2400011284
2400011291 2400011290
